   1.3979277e+01
   6.0168835e-01
   2.1145620e+00
   4.9898579e-01
   5.3141614e+00
   7.7224468e+00
   2.8479203e-01
   9.1660484e-01
   4.3422050e+00
   6.1660160e-01
   1.3336712e+00
   9.4188338e+00
   1.9425534e+00
   3.3087627e+00
   1.9702124e+00
   1.6306964e+00
   6.1802650e-01
   3.6266774e-01
   2.3719468e+00
   3.4764613e+00
   8.7949763e-01
   7.9073833e-01
   6.4794134e-01
   1.6312342e+01
   2.6071871e+00
   1.1371186e+00
   2.5396322e+01
   1.5347997e+00
   2.5795395e-01
   1.2828286e+00
   3.4328218e+00
   3.2845656e+00
   2.6082812e+01
   4.3504566e-01
   8.4722504e+00
   1.6190308e+00
   1.5253637e+00
   8.0490657e-01
   1.2436648e+00
   3.4336900e-01
   2.6016274e+00
   4.5983828e-01
   1.8049214e+00
   5.7580545e+00
   3.9795670e-01
   4.1525020e-01
   2.9489561e+00
   1.2712334e+00
   1.7797225e+00
   1.2121706e+01
   3.1546659e+00
   3.5595862e-01
   5.0706976e-01
   1.0817609e+01
   2.2133491e-01
   6.4042843e-01
   4.4647687e-01
   1.0082023e+00
   2.1467664e-01
   4.0137773e-01
   1.8951735e+00
   5.3875375e+00
   2.6048309e+00
   4.4353441e+00
   1.6539782e+01
   1.2904775e+00
   1.3434390e+00
   2.1868455e+00
   3.2167643e+01
