   1.1905259e+01
   1.7799205e+00
   2.3692345e+00
   1.2328743e+00
   1.4416367e+00
   1.5604164e+00
   4.1209400e-01
   1.3501440e+00
   2.8292540e+00
   1.3919524e+00
   2.5296466e+00
   1.4664945e+00
   2.3716235e+00
   9.6690439e+00
   7.1974999e+00
   2.3651603e+00
   1.7208573e+00
   1.6327649e+00
   5.1836484e+00
   7.7252784e-01
   2.4905470e+00
   1.8596873e+00
   4.1092948e+00
   1.2047323e+00
   2.3903190e+00
   4.4467652e-01
   7.9178590e-01
   5.3928449e-01
   4.3844572e+00
   4.2430691e+00
   5.7398575e-01
   7.2026807e-01
   2.6004359e+00
