   1.0945841e+01
   7.5561052e+00
   1.0751660e+00
   1.5782462e+00
   2.3423440e+00
   9.2694059e-01
   1.3577667e+00
   1.2717857e+00
   2.2744596e-01
   4.0375018e-01
   2.6734083e+00
   4.8783670e-01
   6.1929803e-01
   9.7004798e+00
   9.4225467e-01
   1.8265433e+00
   1.1250926e+00
   5.4805113e-01
   4.9257828e+01
   4.9878826e-01
   3.6243053e+00
   7.3406926e-01
   5.6766250e+00
   1.6678367e+00
   4.4686478e-01
   1.7665546e+00
   2.0903427e+00
   5.0278279e-01
   1.3546073e+00
   5.3587042e+00
   5.8495224e-01
   1.9469031e+00
   5.1649304e-01
   6.1228500e-01
   4.3833419e+00
   1.3930510e+01
   5.4355024e+00
   3.0495935e+00
   2.9213795e-01
   5.6037788e-01
   4.8260546e-01
   5.4713988e-01
   1.7748529e+00
   2.8914924e-01
   8.7566422e-01
   5.9818776e+00
   5.3550958e-01
   4.1002389e+01
   1.7567975e+00
   5.9206121e+00
   2.0078504e+00
   2.3862901e+00
   6.1923182e-01
   1.2897842e+00
   2.8039587e+00
   3.5535004e-01
   1.0774924e+00
   4.8927118e+00
   6.0520459e+00
   3.0560127e+00
   5.1423186e-01
   2.0062646e+00
   1.3458037e+01
   4.6619044e+00
   1.8257213e+00
   7.1222329e-01
   2.9303269e+00
   6.6976846e+00
   4.8056700e+01
   6.8328465e-01
   5.5087483e-01
   1.0677268e+00
   3.2159173e-01
   3.7950247e-01
   9.7557942e-01
   9.8473387e+01
   6.4381218e-01
   5.1737385e+00
   5.6237282e-01
   1.1494653e+00
   1.1994974e+00
   4.4302759e-01
   6.2837695e-01
   5.5311482e-01
   1.0864760e+00
   1.4080097e+01
   1.1670479e+00
   4.8454655e-01
   7.5609380e+00
   2.7307656e+01
   2.7116357e+00
   5.6811043e-01
   6.8472474e-01
   4.5660096e-01
   5.7162039e-01
   9.8853589e-01
   1.9994022e+00
   3.1787467e+00
   3.2495032e+00
   1.8973243e+00
   1.4209886e+00
   4.5958678e-01
   6.2801247e-01
   4.7865032e-01
   7.2805942e-01
   6.9720927e+00
   1.7706409e+00
   3.6419781e-01
   6.7972591e-01
   6.8028415e-01
   2.6265291e+01
   9.6825273e-01
   1.8535354e+01
   2.3734216e+00
   5.4210968e+00
   1.2610203e+00
   3.0892400e+00
   7.9098626e-01
   2.1012454e+01
   1.3533598e+00
   5.6833461e-01
   2.2572315e+01
   1.1584372e+00
   1.1970246e+00
   1.1745780e+01
   2.4859962e+00
   5.3627985e-01
   2.6827727e+00
   5.0381736e-01
   1.3792225e+00
   2.9569113e-01
   9.3039817e-01
   3.8019975e+00
   1.6638703e+00
   1.8472376e+00
   2.9281223e+00
   8.7984434e-01
   2.2293026e+00
   3.0591614e+00
   6.6480185e-01
   9.7384059e+00
   3.4896628e+00
   1.1751233e+00
   1.2007080e+00
   6.0000491e-01
   4.3329825e-01
   9.0219015e-01
   2.5436137e+00
   1.0571273e+00
   7.2182376e-01
   1.5314182e+00
   3.7967060e-01
   1.7271513e+00
   2.3370612e+00
   6.8274564e+01
   5.9281689e-01
   5.3379678e-01
   2.9602123e-01
   6.5581814e-01
   1.2103803e+02
   4.4542266e-01
   6.8092582e-01
   1.2377913e+00
   1.2920607e+00
   1.5629867e+00
   1.3284892e+00
   5.0035387e-01
   3.8542429e+00
   4.6586535e+00
   3.8508246e+00
   4.2368878e+00
   2.6400166e+00
   7.8823526e+00
   1.7462086e+00
   6.2697433e-01
   1.9954198e+00
   5.3979964e-01
   5.0329045e-01
   1.9703913e+01
   4.5379644e-01
   5.1189996e+00
   7.3442087e-01
   2.5887918e+01
   5.3757177e-01
   1.5687367e+00
   2.9640309e-01
   1.5606550e+00
   2.1558800e+00
   1.0590560e+00
   1.4984487e+00
