   1.0100542e+01
   6.6703089e-01
   4.4505557e+00
   9.4865079e-01
   2.5084622e+00
   7.7380961e-01
   4.3320174e+00
   9.4650623e-01
   1.5935558e+00
   5.1010387e+00
   5.3046987e-01
   3.9095662e-01
   4.2527648e+00
   1.3294908e+02
   2.2659134e+00
   1.5431046e+00
   1.9152712e+00
   8.3734047e-01
   1.5389497e+00
   1.4397796e+00
   2.2290413e-01
   9.1494804e-01
   6.0987441e+00
   3.9815557e-01
   6.5699089e-01
   1.6488589e+00
   5.0423310e-01
   6.5248324e+00
   9.7015469e-01
   8.4358045e+01
   1.1170789e+00
   2.4076686e+01
   1.0074092e+00
   7.4110063e-01
   4.0399791e+00
   7.6423328e+01
   4.6716526e+00
   4.2911778e+00
   2.5931148e+01
   5.4060499e+00
   1.7156105e+00
   7.4656742e-01
   8.7455331e-01
   1.2653878e+00
   1.2197069e+00
   6.9219462e-01
   1.5318798e+00
   5.1292592e-01
   2.4060408e+00
   1.0559685e+00
   2.5707948e-01
   8.4597719e-01
   6.0014500e-01
   3.8958248e-01
   1.3659199e+00
   4.4853707e-01
   1.3114268e+00
   2.1226449e+00
   5.6365370e+00
   2.5813059e-01
   1.2000312e+00
   7.2907179e-01
   4.9405338e-01
   1.5439851e+00
   1.2554166e+00
   1.6669130e+00
   8.3397223e+00
   3.1002293e-01
   4.9437757e-01
   9.7220530e-01
   2.8883006e+01
   5.1913165e+01
   1.0121879e+00
   4.3543898e-01
   2.6131707e+00
   2.8265876e+01
   8.6572172e+00
   1.3437622e+00
   3.8523332e-01
   1.7639125e+00
   4.5564288e-01
   2.6055970e-01
   3.5584484e+00
   1.0096236e+00
   3.8446809e-01
   8.0376710e-01
   4.0738777e-01
   8.6700178e-01
   2.3692564e+00
   1.5004898e+00
   8.9200773e-01
   3.6897237e+00
   6.2584269e-01
   1.8433564e+00
   1.2108350e+00
   4.0609086e+00
   3.5699921e-01
   1.1655150e+00
   4.8875295e-01
   1.4461149e+00
   1.0340378e+00
   6.3100938e+00
   4.8206785e+00
   6.0127260e-01
   1.8559164e+01
   5.1688406e-01
   7.7783164e+00
   1.2585277e+00
   3.8271381e+00
   8.5744778e-01
   4.7401066e+00
   3.0946747e-01
   1.0554073e+00
   1.1359998e+00
   5.4966065e+01
   2.0692708e+01
   5.5105060e-01
   1.2293074e+00
   1.3554683e+00
   4.2834968e+00
   4.4060366e+00
   1.3018096e+00
   1.9779135e+00
   7.9415907e-01
   4.3746996e+00
   1.1336151e+01
   8.1653239e-01
   4.4764828e+01
   3.1575719e+00
   2.5796448e-01
   1.2090728e+00
   5.5283802e-01
   2.7296156e+02
   1.0300112e+01
   6.1723022e+00
   2.8065341e+00
   8.5675450e-01
   2.1645117e+00
   4.6857649e-01
   1.9194964e+00
   2.9875623e+00
   2.4140027e+00
   1.1338960e+00
   4.2368075e+00
   1.4350522e+00
   2.9040995e+00
   7.3395080e-01
   8.0743213e-01
   3.0716842e+00
   2.3028972e+00
   2.4396076e+00
   1.8215927e+01
   7.4463709e-01
   1.0792182e+00
   2.0968235e+00
   7.2805615e-01
   3.9117281e-01
   5.4485474e-01
   7.9812789e-01
   1.2480162e+01
   3.8578422e-01
   7.8678276e-01
   1.0173510e+00
   1.4296721e+00
   1.7975459e+01
   1.8693078e+02
   2.9863638e-01
   2.2429619e+00
   2.6012765e-01
   3.5569351e+01
   2.7601410e+00
   2.0875603e+01
   3.8921080e-01
   4.4374650e-01
   8.6912195e-01
   9.3367198e-01
   4.6077893e-01
   1.0329203e+00
   2.0893703e+01
   1.5182193e+00
   5.7074430e+00
   6.5117985e-01
   6.9694971e+00
   3.1671523e-01
   4.7913646e-01
   4.8463393e+01
   3.1338110e+00
   4.8988519e-01
   2.5396331e+00
   1.8403994e+00
   4.4014569e+00
