   5.8148167e-01
   5.3033018e+00
   3.3997074e-01
   1.0025721e+01
   1.5008630e+01
   9.9879853e+00
   8.5540003e+00
   1.4847965e+00
   5.9787716e+00
   1.6261331e+00
   1.2102880e+00
   8.3927543e-01
   5.5221791e-01
   6.1050999e-01
   1.3414745e+00
   8.8034069e-01
   4.5114615e+00
   3.6247247e+00
   6.1845508e-01
   1.9427922e+00
   9.4979238e-01
   1.8366285e+00
   4.0094572e-01
   4.2635887e-01
   7.5026107e-01
   2.4822577e+00
   1.0147249e+00
   1.2205477e+00
   7.7713533e-01
   2.8742296e+00
   7.2486094e-01
   9.5820922e-01
   3.3239463e-01
   1.0714283e+01
   5.2805548e-01
   5.1947152e+00
   3.6390595e-01
   6.4197085e-01
   3.3463589e-01
   4.9567473e-01
   6.3332005e+00
   7.1271446e-01
   1.3966158e+00
   1.4546090e+00
   5.8944075e-01
   3.5370657e+00
   1.4790169e+00
   5.1690734e-01
   7.6461312e-01
   1.8734116e+00
   6.4865245e+00
   1.3061972e+00
   5.2728754e-01
   1.3732103e+01
   1.4033224e+01
   7.8200822e-01
   4.7570676e-01
   5.8729263e-01
   2.8587185e+00
   2.3753857e+01
   9.8713838e-01
   1.1025967e+00
   1.1926286e+00
   1.7363530e+00
   4.1165767e-01
   2.9278196e+00
   1.9985927e+00
   2.8776791e+00
   3.8782256e+00
   2.8832498e-01
   2.9275520e-01
   1.4681615e+00
   1.6248544e+00
   2.9469275e+00
   8.7696139e-01
   4.2510679e-01
   8.1307352e+00
   5.1124834e-01
   6.0624448e-01
   3.5819027e-01
   8.1560144e-01
   8.0088353e-01
   1.8569723e+00
   9.7850973e-01
   4.4012981e+00
   1.1390418e+00
   3.3768203e-01
   2.4614393e+00
   9.9863116e-01
   1.3117532e+00
   5.4337973e+00
   4.9476578e-01
   7.8976935e-01
   9.6062360e-01
   1.0708994e+00
   1.0414864e+00
   3.4113706e+00
   1.0588026e+00
   6.9730264e-01
   6.3565151e-01
   1.1489721e+00
   4.1510170e+00
   1.1561995e+00
   7.5330219e-01
   7.3815517e+00
   3.1693275e-01
   1.8266372e+00
   6.3282594e-01
   1.6272099e+01
   7.5274059e-01
   9.5078399e-01
   9.0293493e-01
   4.0943925e+00
   1.6001529e+00
   4.3245875e-01
   9.0994269e+00
   5.3641141e-01
   1.2252479e+00
   1.1811438e+01
   4.9142436e-01
   7.5520399e-01
   1.8712718e+00
   6.6313833e-01
   6.7659170e-01
   5.6093360e-01
   9.3625286e-01
   5.3161945e+00
   1.1176172e+00
   7.7575682e-01
   2.1939556e-01
   2.9388918e-01
   6.4237327e-01
   7.2519173e-01
   1.1185370e+00
   8.5368650e-01
   1.3518253e+00
   3.2892722e-01
   5.6577596e-01
   4.8533701e-01
   7.8427497e-01
   9.4402271e+00
   7.4343771e-01
   3.6154423e+00
   4.5008096e+00
   2.0449670e+00
   1.1897272e+00
   3.1482916e+01
   1.5715025e+00
   9.9034507e-01
   5.6062645e+00
   5.8336315e-01
   1.1579605e+00
   2.2468783e+00
   1.5767277e+00
   1.4619528e+00
   2.6766530e+00
   1.3995174e+00
   2.3312337e-01
   1.0874125e+00
   1.1963591e+01
   5.3123185e-01
   5.8943596e-01
   2.1844546e+00
   2.0489474e+00
   3.9536727e-01
   1.0788004e+01
   1.2161559e+00
   7.6466153e-01
   3.7120487e-01
   2.8647685e+00
   8.8991869e-01
   1.0393710e+01
   2.2475256e+00
   9.3378743e+00
   8.0058408e-01
   3.2546602e-01
   1.2213192e+01
   3.3205905e+00
   7.3204677e-01
   6.9322842e-01
   8.9779999e-01
   5.6271785e-01
   2.6748756e-01
   7.5044629e-01
   9.8846122e-01
   4.0238654e-01
   4.5487804e+00
   1.0811223e+00
   1.1230769e+01
   1.5773064e+00
   3.4664173e-01
   4.0886899e+00
   2.0501901e+00
   4.9438206e+00
   5.3144234e-01
   1.2435636e+00
   2.7914677e+00
   7.1109665e-01
   8.2524576e-01
   1.1786268e+00
   6.0589020e-01
   4.8295186e-01
   1.0782168e+00
   8.8371479e-01
   9.0073582e-01
