   6.1910449e-01
   6.1404954e+00
   1.2223798e+00
   1.7084508e+00
   1.9062004e+00
   1.3095665e+00
   4.3080941e+00
   1.6800166e+00
   3.6753239e+00
   1.1811484e+01
   6.6142330e-01
   4.2322496e+00
   8.3114601e-01
   2.6117032e-01
   6.1853778e-01
   1.4960927e+00
   3.0038910e+00
   7.8327824e+00
   6.4821642e-01
   1.4708802e+00
   3.6032122e-01
   3.3889528e+00
   4.4233936e-01
   2.4381520e+00
   4.7400786e-01
   9.4843524e-01
   1.1117141e+00
   2.5915408e+00
   2.7099650e-01
   2.0623555e+00
   1.4492384e+00
   1.5994277e+00
   9.6917661e-01
   9.9657936e+00
   5.0278319e+00
   8.9857121e-01
   4.2685764e-01
   2.2468626e+00
   1.0567378e+00
   4.2941668e-01
   4.9324263e-01
   2.7981338e+00
   1.9383533e-01
   3.4705929e+00
   1.9392648e+00
   8.3167556e-01
   9.4982078e-01
   5.6779956e-01
   1.2558095e+01
   4.6653147e-01
   7.2906489e+00
   3.3349756e+00
   1.5316601e+00
   4.7173438e+00
   9.8986793e-01
   2.4972490e+01
   9.7575177e-01
   3.7014796e+00
   1.2064275e+00
   5.4524178e+00
   3.0625308e+00
   2.1248716e+01
   1.0382214e+00
   1.4469143e+00
   4.8345636e-01
   3.5711242e+00
   9.3473859e+00
   5.2380736e+00
   9.5971036e-01
   2.8416823e+00
   2.2702155e+00
   5.6549434e+00
   2.5842335e-01
   1.6503271e+00
   6.1328335e+00
   5.9361387e+00
   2.8795106e-01
   7.9837850e+00
   4.8183939e-01
   4.6050159e-01
   3.0276331e+00
   2.2816046e+00
   1.3218045e+00
   1.0189968e+00
   6.8175711e-01
   9.5739611e-01
   3.0255522e+00
   6.3537010e-01
   4.4591305e-01
   2.6111746e-01
   1.5848630e+00
   3.7796681e+00
   2.1774183e-01
   7.6872743e-01
   5.0921291e-01
   6.4609857e+01
   4.9336858e-01
   7.2892738e-01
   4.4428083e+00
   8.7434483e-01
   1.8463845e+00
   1.3042334e+00
   5.9743973e+00
   3.9789685e+00
   4.1591224e-01
   8.9263908e-01
   3.4494560e+00
   5.9967305e+01
   1.9654663e+01
   1.3455898e+00
   8.7579941e-01
   8.2245220e-01
   2.8151583e+00
   3.3740368e-01
   1.1521156e+00
   1.8859011e+01
   4.3015231e+00
   1.5506547e+00
   9.2386243e-01
   1.3459451e+01
   8.7672146e-01
   2.0964752e+00
   9.1336950e+00
   2.0585423e+00
   5.0082954e+00
   3.2158007e-01
   3.4503526e+00
   2.2352313e+00
   1.3919803e+00
   5.0992030e+00
   2.1005402e-01
   1.4949248e+00
   2.6691774e-01
   1.6484382e+00
   1.9598212e+00
   2.1928911e+00
   1.9531774e+00
   2.6348680e+00
   3.0440679e-01
   4.3670597e-01
   4.4605656e+01
   1.0000016e+00
   3.8027369e-01
   6.8885002e-01
   4.2561636e+00
   2.2094541e+00
   6.2716995e+00
   2.8640528e+00
   2.1060340e+01
   8.9126546e-01
   8.0973897e-01
   4.5245177e+00
   5.5196761e-01
   8.0163230e-01
   2.4790980e+00
   1.3443085e+01
   1.0446134e+00
   6.8433944e-01
   7.5834932e-01
   7.2464635e-01
   9.5995154e-01
   2.2678878e-01
   1.6695133e+00
   4.2594659e-01
   2.2920700e+00
   8.0018787e-01
   2.6254670e-01
   3.5965377e+01
   6.2593903e+00
   6.0251306e+00
   1.2268801e+00
   8.7857138e+00
   1.0802951e+00
   2.4092817e+00
   2.5956451e+00
   3.2142346e+00
   2.0612021e+00
   7.0486772e-01
   3.5089634e-01
   2.9781301e+00
   5.9965534e+00
   8.1734541e-01
   4.9749373e+00
   9.9511651e-01
   3.1394707e+00
   4.5457516e-01
   3.8565500e-01
   1.1271119e+00
   1.0063899e+00
   5.4311309e+00
   6.6730243e-01
   5.8498674e-01
   1.8192032e+00
   7.3138698e-01
   3.3601037e-01
   6.8273946e-01
   1.5744995e+01
   1.3447839e+00
   2.3792720e+00
   1.3963722e+00
   3.0662888e+00
   8.3031953e+00
   2.0612058e+00
   1.2335833e+00
   1.2205006e+00
   2.0429809e+00
   2.1901394e+00
   4.3655134e-01
   1.6035399e+01
   5.0403597e-01
   1.9885754e+00
   4.2562582e+00
   1.1087108e+00
   3.9381320e-01
   3.2309661e-01
   1.0359031e+00
   3.3429309e+00
   1.1064783e+00
