   4.4757330e+00
   2.2085369e-01
   2.3089533e+01
   3.2530339e+00
   2.0516555e+00
   2.4809306e+00
   2.2218862e+00
   5.0564465e-01
   1.2840557e+00
   7.8291430e-01
   8.1376507e+00
   7.9468347e-01
   2.3623686e+00
   5.4687302e+00
   1.0472360e+00
   7.7735752e+00
   9.4976660e-01
   1.1767806e+00
   2.0155887e+00
   8.9303040e-01
   7.8404609e+00
   2.6136470e-01
   4.3886985e-01
   3.7956398e+00
   5.3719671e-01
   2.2332299e+00
   1.2484815e+00
   3.8177686e+00
   1.0140612e+00
   8.2852036e-01
   1.9316745e+00
   9.2871511e+00
   6.1482728e-01
   4.9422273e-01
   5.1736364e-01
   2.1626372e+00
   2.4613114e+00
   1.7055394e+00
   9.1352730e-01
   2.3622091e+00
   9.5101362e-01
   8.0896711e+00
   5.2932727e-01
   1.7877312e+00
   4.7544794e-01
   7.8257236e+00
   1.1493681e+00
   9.5412751e+00
   1.7897291e+01
   9.6441815e-01
   5.3753553e-01
   1.0789638e+00
   1.8425422e+00
   1.7602529e+01
   1.9245002e+00
   3.5580251e-01
   3.3060132e-01
   6.4882468e-01
   4.6676108e-01
   7.5428198e-01
   1.8956561e+00
   1.8050387e+00
   1.5081177e+00
   4.1640844e+00
   2.5952835e+01
   2.8650286e+00
   6.3266256e-01
   2.6836926e+00
   1.8164398e+00
   4.6398101e+00
   3.4771578e-01
   7.8761577e+00
   2.0049849e+00
   2.8034965e+00
   6.0424159e+00
   1.5133786e+00
   9.8898597e-01
   3.5195187e+00
   3.5633072e+00
   2.6139754e-01
   2.1847506e+00
   9.8853177e-01
   1.0484867e+00
   7.6375124e-01
   1.7689079e+00
   7.0734714e-01
   3.9593446e+00
   9.3310882e-01
   1.1640811e+00
   4.3566423e-01
   4.3769522e+00
   3.6015964e+00
   7.8231753e-01
   3.4998990e+00
   3.9901238e+00
   6.5996538e-01
   4.7292421e+00
   2.5074783e+00
   2.3879608e+00
   5.1808949e-01
   7.1916917e-01
   1.7224474e+00
   1.9916147e+00
   4.8541086e-01
   2.1515271e+00
   3.1400525e-01
   2.5528404e+00
   9.6415437e+00
   7.1837566e-01
   4.6106393e+00
   9.7889985e-01
   8.2440609e-01
   2.3913089e+00
   5.2366192e-01
   2.8303047e+01
   8.9568867e+00
   1.7245665e+00
   7.9412730e+00
   3.6751191e+00
   1.5785008e+00
   2.1188557e+00
   3.6166646e-01
   5.3309059e+00
   3.6307194e+01
   6.1810618e-01
   2.2784686e+00
   5.0352433e-01
   2.5708593e-01
   5.7702544e-01
   3.0147975e+00
   4.6252593e-01
   1.6209392e+00
   7.5602274e-01
   3.7648152e+00
   4.9399285e-01
   3.5202033e-01
   9.4639545e+00
   1.3439388e+00
   5.6461493e-01
   1.1120922e+00
   9.2361112e+00
   1.9344337e+00
   4.5814223e+01
   9.0547206e-01
   3.9503702e+00
   2.2839387e+00
   6.3611780e+00
   1.4269536e+00
   4.9497621e-01
   9.5982739e-01
   9.7879392e-01
   6.6118427e-01
   2.3098466e+00
   5.6091127e-01
   3.6578315e+00
   5.7296762e-01
   6.4036002e-01
   6.6067774e-01
   3.5721438e-01
   8.4742303e+00
   8.1698643e-01
   1.3241096e+00
   1.1255308e+00
   1.9273284e+00
   2.4239463e+00
   1.4423047e+01
   9.7105781e-01
   2.9593584e+00
   1.4387342e+00
   1.9901688e+01
   3.1700523e+01
   3.2305092e-01
   3.2730713e-01
   6.8667492e-01
   7.1847021e-01
   5.8032704e+00
   5.5471138e-01
   1.1309613e+00
   2.0429222e+00
   1.3748879e+00
   7.5329973e-01
   1.8597100e+00
   9.2443414e-01
   2.1741235e+01
   5.0448195e+00
   7.6961367e-01
   9.7951842e-01
   4.2430279e+00
   7.6085961e-01
   5.4113149e+01
   6.6171658e-01
   2.7329655e+00
   4.9684498e-01
   2.0616417e+00
   6.3199417e+00
   1.6328132e+00
   2.2044733e+00
   7.5694542e+00
   9.6565320e-01
   2.0742835e+00
   3.4601301e-01
   3.0537323e+01
   1.7594473e+00
   5.7741639e+01
   4.1824335e-01
   3.4627020e-01
   8.5326827e-01
   2.9036533e+00
   3.5644571e+01
   6.2664730e-01
   1.4115719e+00
   1.3606910e+00
   3.4232018e+00
