   4.4797512e-01
   1.4491949e+00
   3.1469638e-01
   5.0792422e-01
   6.7364030e-01
   7.3918092e+00
   1.5637333e+00
   3.2198214e-01
   3.4012813e+00
   3.4998844e+00
   5.9670011e+00
   2.5483964e+00
   1.0812571e+00
   3.0080440e+00
   5.8045770e+00
   1.4511439e+00
   2.7437566e+00
   5.4385439e-01
   2.1359470e+01
   7.6995385e-01
   1.8551779e+00
   9.9811574e-01
   3.6004320e-01
   1.3446255e+00
   1.5365642e+00
   1.7981830e+00
   3.7140939e-01
   2.0072532e+00
   2.1894347e+00
   9.0061224e-01
   1.3692371e+00
   4.2317854e+00
   3.4409383e+00
   2.2141471e+00
   4.6823108e+00
   1.9395016e+00
   6.8547513e-01
   5.0842111e+00
   5.2820891e-01
   1.0820116e+00
   1.0147956e+00
   1.4451224e+01
   6.7126656e-01
   1.6964393e+00
   8.6767808e+00
   3.1304885e+00
   6.9701937e-01
   1.4803066e+00
   2.3234596e+00
   5.4209279e-01
   9.9936771e-01
   1.7150565e-01
   6.9770072e-01
   1.0469353e+00
   9.2503129e-01
   1.0164908e+01
   1.2592996e+00
   4.9247229e+00
   5.4844577e+00
   8.5936633e-01
   4.7489536e-01
   5.7414651e-01
   6.4884051e-01
   7.4263096e-01
   1.3283161e+00
   4.0523112e+01
   1.5917921e+01
   1.4973052e+00
   8.4666752e-01
   3.1271516e-01
   5.5034302e-01
   1.2638400e+00
   2.6343284e+00
   7.8922952e-01
   3.6039139e+00
   1.1375485e+00
   4.0271754e+00
   1.2361790e+00
   5.4173814e-01
   5.5914673e+00
   5.6196906e-01
   5.2404464e-01
   5.3267045e-01
   7.2168677e-01
   8.0847282e-01
   1.8007844e+00
   1.7817004e+00
   1.1810752e+00
   1.6884345e+00
   2.0851511e+00
   2.8498897e+00
   8.9087622e-01
   1.9064932e+00
   1.0917565e+00
   6.0306988e-01
   2.1886312e+00
   5.4375240e-01
   9.2305402e-01
   6.2838323e+00
   1.2647331e+00
   5.1141602e-01
   1.6225989e+00
   4.6013339e-01
   6.7020666e-01
   7.6960459e-01
   9.8652870e+00
   3.9201892e+00
   8.8433604e-01
   1.1702734e+00
   5.4863541e-01
   1.9322050e+00
   7.8666307e-01
   1.1381042e+00
   6.6251272e-01
   1.5326118e+01
   2.2803950e+00
   2.6452829e+00
   5.3149113e-01
   2.4381210e+00
   1.0476801e+01
   1.2810727e+00
   7.0255572e+00
   6.3994727e-01
   2.0196173e+00
   1.8790116e+00
   1.6298370e+00
   1.7851794e+00
   2.0322666e+00
   8.0310363e-01
   1.0897796e+01
   1.3109542e+00
   3.1240714e+00
   6.4103869e-01
   1.5136095e+00
   3.3778585e+01
   1.3111474e+00
   5.9042811e-01
   1.4873517e+00
   2.0845695e+00
   1.0757015e+00
   9.1515960e+01
   2.2598047e-01
   3.5345392e-01
   2.4311302e+00
   6.2865430e-01
   8.4420951e-01
   2.9097074e+00
   8.6810045e-01
   6.9580608e-01
   2.9212945e-01
   8.3906923e+00
   2.7008366e+00
   3.6140876e-01
   1.2046169e+00
   6.8676053e-01
   2.1919410e+00
   6.9728385e-01
   2.2902249e+00
   2.0724910e+01
   3.3948355e+00
   2.7115744e+01
   2.1661607e+01
   2.1362477e+00
   4.9863437e-01
   3.3174849e+00
   2.7385243e+01
   1.0702386e+00
   3.5028133e-01
   4.7504704e-01
   1.2358658e+00
   2.7007431e+00
   1.0321154e+01
   4.0045565e-01
   1.3400320e+00
   2.4151493e-01
   7.3063378e-01
   9.7939454e-01
   5.5665512e+00
   4.8370335e-01
   1.0214311e+00
   1.4087423e+00
   8.2701606e+01
   4.9346571e-01
   8.0057955e-01
   1.1336856e+00
   3.6329372e+00
   2.2203338e-01
   6.7302642e-01
   2.5371042e+00
   6.0447150e-01
   3.7459403e-01
   2.7671375e+00
   5.6305466e+00
   1.3547404e+00
   6.1256495e-01
   7.8264019e-01
   6.6798751e-01
   3.7581833e-01
   3.8380958e+00
   3.8124564e-01
   9.6619845e-01
   2.7347351e+00
   2.2982428e-01
   7.6042222e-01
   1.7456009e+00
   1.7519215e+00
   1.1433737e+00
   1.1409693e+00
   9.2218436e-01
   3.0409903e+00
   8.1072320e-01
   3.8097847e+00
   3.0569957e+00
   7.4212079e+00
   3.4522609e+00
   6.1448763e-01
   2.8930587e-01
   1.8336078e+00
