   2.2255443e+00
   1.9470454e+00
   2.6531667e+00
   1.7640101e+00
   1.7796950e+00
   1.5846703e+00
   2.2899926e+00
   1.3198096e+00
   2.2246462e+00
   1.9145995e+00
   4.0074382e+00
   1.2567404e+00
   1.6563389e+00
   2.9210976e-01
   2.0346500e+00
   1.9062820e+00
   2.9816003e+00
   3.9265249e-01
   3.6971875e-01
   2.7937384e+00
   6.5360836e-01
   9.7628154e-01
   1.5648337e+00
   1.1940589e+00
   2.5293882e+00
   1.9930597e+00
   1.0586745e+00
   2.2956613e+00
   5.5229129e+00
   7.1584431e-01
   6.9186417e-01
   2.6500897e+00
   2.0377574e+00
