   3.1540256e+00
   8.1312504e+00
   2.6020259e-01
   2.6611204e+00
   8.3209513e-01
   3.6979416e-01
   3.0412680e+00
   2.8444470e+00
   2.1634209e+00
   5.5542075e-01
   1.3183286e+01
   7.0897740e-01
   9.1385661e-01
   1.9420686e+00
   1.7643760e+00
   9.5616610e-01
   9.3190743e-01
   6.4835325e-01
   1.3867772e+00
   1.2102955e+00
   7.4948374e-01
   3.6181844e-01
   7.5303373e-01
   6.9140868e-01
   9.2312317e-01
   2.0929350e+00
   1.8122957e+00
   1.0122206e+00
   9.8294898e+00
   1.2060890e+00
   1.0468340e+00
   1.7327312e+00
   9.3720085e-01
   2.5677393e+00
   1.4663760e+00
   1.6593061e+02
   1.2098373e+01
   4.9538040e-01
   5.1207595e-01
   8.6750437e-01
   5.3257465e-01
   2.1720239e+00
   2.9141849e-01
   1.1911652e+00
   8.3171520e-01
   9.7550717e-01
   1.4263465e+00
   4.2046516e+00
   8.6275722e-01
   1.5731475e+00
   3.8789107e+00
   9.4552340e+01
   5.6377132e+00
   7.2588760e-01
   3.3968566e+00
   9.4972907e-01
   2.1815812e+00
   3.2636506e+00
   2.3191392e+00
   9.4452478e+01
   4.9538835e-01
   2.6383571e-01
   2.0624114e+00
   2.9966562e-01
   2.2538166e+00
   8.7293823e-01
   2.3667147e+00
   5.5708639e-01
   9.9993254e-01
   5.4652369e-01
   7.1868532e-01
   7.1615354e+00
   8.4302006e+00
   3.7408263e+01
   4.3731076e+00
   6.1226190e+00
   1.9075615e+01
   2.5357641e+00
   1.1092684e+01
   7.7107668e-01
   1.8278010e+00
   5.1559747e+00
   3.1192235e-01
   1.2959426e+00
   6.3918585e-01
   5.2918251e+01
   1.8754395e+02
   4.6562652e+00
   1.6236664e+00
   6.2953421e+00
   2.3690872e+00
   1.1746107e+00
   4.4012383e+00
   7.3484985e-01
   4.8005706e+00
   5.5546816e-01
   9.4830333e-01
   2.4958967e+00
   1.1270594e+00
   7.5903594e-01
   8.8490992e-01
   6.1709057e-01
   4.1402523e-01
   3.0891565e-01
   2.5935956e+00
   2.5292491e-01
   1.9110671e+00
   9.6638806e+01
   1.8653089e+00
   6.0891598e-01
   3.0450387e+00
   7.8343292e-01
   7.7647046e+01
   1.0403584e+00
   1.6512534e+00
   5.8089305e-01
   2.7998688e+00
   1.1196067e+00
   1.9062469e+00
   2.2396553e+00
   3.5917230e+01
   4.5426513e+00
   1.2084376e+00
   5.7223929e+01
   1.6773385e+00
   2.0966555e+00
   5.6301779e-01
   5.4271645e-01
   4.1382267e+00
   2.9917280e-01
   6.8091160e+00
   6.6571516e-01
   3.7128888e+00
   2.5528491e+00
   2.7231707e+00
   5.5835512e-01
   7.8521631e-01
   1.3952034e+00
   6.1261230e-01
   2.7053761e+00
   7.9040109e-01
   6.3705026e+00
   6.8121432e-01
   1.3738547e+01
   5.8517919e-01
   3.6607954e-01
   4.9013966e+00
   1.3452008e+01
   7.2993081e+00
   2.9619615e-01
   3.7226641e-01
   1.6332780e+02
   3.4429055e+00
   1.5301298e+00
   6.2108709e-01
   2.2748905e+00
   3.2542970e-01
   7.7813061e-01
   1.6814816e+00
   3.8545830e+01
   1.6269282e+00
   1.1124446e+00
   5.5284643e+00
   8.7933793e-01
   5.9537706e-01
   1.1933419e+00
   2.0104502e+00
   1.3323321e+00
   6.4621078e-01
   9.0179916e-01
   8.1185511e-01
   1.2982015e+01
   1.1815907e+01
   2.1779940e+00
   7.5802051e+00
   1.6357036e+00
   8.0628137e+01
   2.2330130e-01
   5.8635706e+00
   1.1944807e+00
   3.1935734e+02
