   2.1862360e-01
   8.0393500e-01
   1.1360221e+00
   1.5615125e+01
   2.7056937e+00
   2.6793696e+00
   2.8611267e-01
   3.0923014e+00
   2.8688747e-01
   1.6478913e+00
   1.5034378e+00
   1.1335776e+00
   1.7498153e+00
   6.8250507e-01
   7.9609795e-01
   6.0285046e+00
   2.0045264e+01
   3.9168157e+00
   2.8175447e+00
   2.6185976e-01
   1.7489782e+01
   2.7125616e+01
   2.6356817e-01
   3.6561812e+00
   8.4240945e-01
   1.0026888e+00
   2.4550838e+01
   5.1433844e-01
   4.3048578e-01
   1.8709514e+00
   2.8861257e-01
   9.0143920e-01
   8.8317250e-01
   2.5750844e+00
   8.3526324e-01
   4.3290704e-01
   4.1935022e+00
   6.3441551e-01
   4.3953075e-01
   4.9806880e-01
   1.4293047e+00
   3.9529609e-01
   1.8957905e+01
   2.1759462e+00
   8.0026477e+00
   2.9551755e+00
   5.9290824e+00
   1.0054997e+00
   1.1666337e+01
   5.3555449e+01
   1.0659159e+00
   8.6975971e-01
   3.4636877e+01
   5.6557312e+00
   6.7208952e+00
   2.3856337e+00
   2.0069035e+00
   4.8687689e-01
   1.1906968e+00
   2.5986094e-01
   3.2863755e+00
   1.1376549e+00
   2.5681508e-01
   2.7046233e+00
   8.4637220e-01
   2.9042831e+00
   9.7147296e-01
   1.4590405e+00
   1.1247653e+00
   6.2175113e-01
   4.5098061e-01
   3.5810214e-01
   1.1468682e+00
   5.9476437e-01
   1.0054379e+00
   1.3181584e+00
   1.0897961e+00
   1.1411914e+01
   2.4796586e+00
   4.2154356e-01
   6.0904132e-01
   2.5043286e+01
   4.5573557e-01
   2.5524146e+00
   1.6730055e+00
   2.6937810e+01
   6.3811093e+00
   5.4171317e-01
   3.6579803e+00
   2.0495166e+00
   3.6843514e+00
   2.4506499e+00
   5.0723134e-01
   5.1222001e+01
   4.2490697e-01
   4.2979135e-01
   1.3816047e+00
   9.4315522e-01
   1.9989365e+00
   7.6967982e-01
   1.1027131e+00
   4.7417368e-01
   5.0262109e-01
   7.4157940e-01
   1.1445967e+00
   3.2879178e+00
   3.1423284e+01
   2.1763568e-01
   1.0701789e+00
   9.6314787e-01
   4.6287665e+00
   7.8067257e-01
   7.9941135e-01
   4.3206681e-01
   3.2187632e-01
   2.8700704e+00
   2.3319042e+00
   7.2399480e-01
   6.1649158e-01
   1.0018144e+00
   2.6368361e+00
   1.1044853e+00
   1.1920447e+01
   4.4829630e-01
   2.5742490e-01
   1.5843202e+01
   2.8650994e+00
   1.5392942e+00
   1.5996892e+00
   6.1499871e-01
   1.0798967e+00
   8.6115524e+00
   8.4610765e+00
   5.6525795e+00
   5.9367010e+00
   9.7481707e-01
   1.8615556e+00
   1.8196735e+01
   2.1904913e-01
   4.2400941e-01
   4.9850110e+01
   3.3896161e-01
   4.1670655e-01
   1.4951320e+00
   1.2972636e+00
   4.2240135e-01
   1.1603175e+00
   4.1207896e+00
   9.0583384e+00
   3.4317502e+00
   7.3877962e-01
   1.0871892e+00
   6.4357076e+00
   1.9567892e+00
   9.7339364e-01
   1.7940543e+00
   3.8288873e-01
   5.3729389e+00
   3.0815371e+00
   1.8379065e+00
   1.3684529e+00
   8.0168308e-01
   1.8038159e+00
   8.0753956e-01
   7.1121221e-01
   9.8692845e-01
   1.8440103e+00
   1.2186008e+00
   8.5180845e-01
   6.9732133e-01
   4.1618482e-01
   3.4101325e+00
   3.4799170e+00
   2.0852834e+00
   3.0401331e+01
   5.5223798e-01
   2.6254613e+01
   1.3282216e+00
   8.7739667e-01
   2.1931373e+00
   9.6662674e-01
   3.2837762e+00
   1.0053360e+00
   1.0670336e+00
   2.0427633e+00
   4.0396613e+00
   1.4175864e+00
   1.7517876e+00
   3.3533843e-01
   3.7195307e+00
   3.6998146e-01
   5.4519951e-01
   8.4118346e+01
   8.0033956e-01
   4.7306964e-01
   2.0299588e+00
   1.2426601e+00
   1.0297896e+00
   5.3508523e-01
   1.4072149e+00
   9.0054083e-01
   1.9300034e+00
   1.8072023e+00
   3.7685891e-01
   8.3027583e-01
   1.2429314e+00
   2.0657864e+00
   5.0003273e-01
   1.8856439e+00
   1.7072008e+00
   2.0648190e+00
   4.7613779e-01
   2.0118831e+00
   3.8902142e+00
   6.1422675e-01
   3.0704460e-01
   1.3341127e+00
