   1.3979277e+01
   6.0168835e-01
   2.1145620e+00
   4.9898579e-01
   1.8410890e+00
   2.4859847e+00
   1.0438643e+00
   6.9265734e-01
   1.4830459e+00
   1.0395153e+00
   1.7054694e-01
   3.2105410e+00
   2.4306309e+00
   3.0096963e-01
   3.1902191e+00
   5.3141614e+00
   7.7224468e+00
   2.8479203e-01
   9.1660484e-01
   4.3422050e+00
   1.4940532e+00
   1.4853039e+00
   1.8491692e+00
   1.6872941e+00
   3.0414277e-01
   5.6560876e-01
   9.7893898e-01
   1.0546236e+00
   1.8652930e+00
   2.4245820e+00
   8.8436299e-01
   4.4824169e-01
   2.2992541e+00
   1.1059533e+00
   1.9606180e-01
   1.1869516e+00
   3.0642388e+00
   6.1660160e-01
   1.3336712e+00
   9.4188338e+00
   1.9425534e+00
   3.3087627e+00
   2.7909444e+00
   1.4941633e+00
   4.6076867e-01
   7.1878302e-01
   5.1753386e-01
   1.8447776e+00
   1.2760111e+00
   2.2166097e+00
   1.7137400e+00
   7.5266576e-01
   1.2575288e+00
   1.5656884e+00
   1.0369332e+00
   1.3777342e+00
   1.4995767e+00
   2.2009941e+01
   2.5742026e+00
   2.9932814e+00
   9.7044270e-01
   2.2310944e+00
   8.2380722e-01
   1.1407458e+00
   1.9832416e+00
   5.5318299e-01
   8.1788168e-01
   7.4293454e-01
   6.4324371e-01
   5.3241682e+00
   5.4911344e+00
   7.9931343e-01
   5.0831252e+00
   2.4322122e+00
   2.6576591e+00
   9.2561844e-01
   9.4782565e-01
   9.2694470e-01
   4.7848474e+01
   1.5985502e+01
   1.9702124e+00
   1.6306964e+00
   6.1802650e-01
   3.6266774e-01
   2.3719468e+00
   3.4764613e+00
   7.6621654e+00
   4.5223906e+01
   9.5790198e-01
   3.9348292e+00
   9.1998517e-01
   3.6295910e+01
   1.7954555e+00
   2.6758095e+00
   1.8941809e+00
   3.9461042e-01
   4.8676482e-01
   2.7907316e+00
   1.5570018e+00
   4.3375036e-01
   6.8882336e+00
   1.3529478e+00
   2.8407576e-01
   7.0644183e+00
   8.7949763e-01
   7.9073833e-01
   6.4794134e-01
   1.6312342e+01
   2.6071871e+00
   1.1371186e+00
   2.5396322e+01
   1.5347997e+00
   2.5795395e-01
   1.2828286e+00
   1.1222410e+00
   1.2218546e+00
   1.4789684e+01
   7.1634361e-01
   3.6285442e+00
   3.4328218e+00
   3.2845656e+00
   2.6082812e+01
   4.3504566e-01
   8.4722504e+00
   1.6190308e+00
   1.5253637e+00
   7.6218507e+00
   5.6269704e-01
   1.8704824e+00
   1.3565813e+00
   6.3496016e-01
   2.8528934e-01
   1.3385715e+00
   3.2613736e-01
   1.8088685e+01
   5.7813715e-01
   4.6869272e+00
   1.0901607e+00
   1.2860628e+00
   2.2824480e+00
   8.4626367e-01
   2.6786715e+00
   1.7033366e+00
   1.2437438e+00
   2.1922955e+00
   2.5683376e-01
   9.2488144e-01
   6.5456270e-01
   8.4233527e-01
   1.1964388e+00
   2.4703965e+00
   5.4144885e-01
   3.1079777e+00
   8.0490657e-01
   1.2436648e+00
   3.4336900e-01
   2.6016274e+00
   3.8763070e+01
   1.7668457e+00
   4.5983828e-01
   1.8049214e+00
   5.7580545e+00
   3.9795670e-01
   1.6756956e+00
   8.4713872e-01
   4.8780260e+00
   1.2734481e+00
   9.2294688e-01
   5.6827422e-01
   8.5108871e+00
   6.4809266e-01
   3.7922628e+00
   2.4114035e-01
   4.7578349e+01
   4.1525020e-01
   2.9489561e+00
   1.2712334e+00
   1.7797225e+00
   1.2121706e+01
   3.1546659e+00
   3.5595862e-01
   5.0706976e-01
   1.0817609e+01
   2.2133491e-01
   2.0095392e+00
   1.5727006e+00
   6.2379546e-01
   2.6236191e+00
   1.0954076e+04
   6.4042843e-01
   4.4647687e-01
   1.0082023e+00
   2.1467664e-01
   4.0137773e-01
   1.8951735e+00
   5.3875375e+00
   2.6048309e+00
   4.4353441e+00
   1.6539782e+01
   1.2904775e+00
   2.2200730e+00
   6.8349244e-01
   4.2120091e-01
   1.0039586e+01
   1.1648640e+00
   6.3077056e-01
   1.0704336e+00
   4.5837353e+00
   1.3434390e+00
   2.1868455e+00
   3.2167643e+01
