   3.5360167e-01
   5.0701758e-01
   7.0110179e+00
   6.1746143e-01
   1.8139742e+00
   8.3348474e+01
   3.1248052e+00
   7.1333690e-01
   5.4094229e+00
   2.9913608e+00
   4.8811735e-01
   3.8048689e+00
   2.0140976e+01
   2.6803046e-01
   5.1852526e-01
   3.1505773e-01
   5.7936713e-01
   3.1439507e-01
   2.8627308e+00
   5.2832932e+01
   1.4187895e+00
   2.8549890e+01
   9.6693757e-01
   8.1885484e+00
   1.0180315e+01
   5.6907404e-01
   1.7536967e+00
   3.3108552e+00
   3.3089049e-01
   1.1282662e+00
   1.1905259e+01
   1.7799205e+00
   8.3480111e+00
   1.7956397e+00
   9.8821231e-01
   8.3946731e+00
   7.0353763e-01
   1.4834481e+02
   8.5002296e+00
   1.4854733e+01
   1.4055745e+00
   3.3031102e-01
   3.9531482e+00
   8.6459143e-01
   3.4202313e+00
   1.1458262e+00
   1.3699777e+01
   2.0983501e+00
   2.7057353e+00
   7.2073818e-01
   3.1332279e+00
   6.1169175e+00
   1.6766992e+00
   1.1304878e+00
   8.4657407e-01
   2.4389919e+00
   1.0796975e+00
   4.3496531e+00
   3.1909270e-01
   5.4075346e+01
   4.9413278e-01
   6.6396196e+00
   5.0099951e-01
   5.1510478e-01
   3.1411376e+00
   2.2235636e-01
   2.3692345e+00
   1.2328743e+00
   5.1873576e-01
   7.5837271e-01
   4.2519407e-01
   1.3999587e+00
   4.4883746e-01
   3.3064966e+00
   3.1663088e-01
   2.8002456e+00
   3.4504938e-01
   2.9330441e-01
   8.7114975e-01
   5.2851032e+00
   1.1856614e+00
   2.0589143e+00
   1.4416367e+00
   1.5604164e+00
   4.1209400e-01
   1.3501440e+00
   2.8292540e+00
   1.2178722e+00
   2.1806211e+00
   1.3647034e+00
   1.0290680e+01
   1.6180921e+00
   9.7307401e+01
   4.1157222e-01
   4.6399168e+00
   6.6513676e-01
   1.4842362e+00
   1.8453107e+00
   4.2936889e-01
   1.0464869e+00
   7.8780313e+00
   2.3772415e+02
   5.3320096e-01
   9.5955424e-01
   8.1877238e+00
   4.8155077e+00
   2.5572720e+00
   3.2586390e+00
   1.3919524e+00
   2.5296466e+00
   7.2740834e+00
   3.1732851e+01
   1.6558436e+00
   4.4704515e-01
   4.1449611e+00
   2.0270990e+00
   3.5468585e-01
   6.3678840e-01
   2.8773544e+00
   4.0146075e-01
   1.2240689e+01
   2.3175942e+00
   4.0587720e-01
   6.2052068e-01
   3.1399838e+00
   7.8962115e-01
   1.2939888e+00
   5.1952446e-01
   3.9475820e-01
   9.4482139e+00
   5.1571020e+00
   2.3803902e+00
   1.5153941e+01
   5.6736297e-01
   1.2657676e+00
   7.5433081e+01
   1.0238850e+01
   1.5305257e+00
   2.4328890e+00
   7.3019990e-01
   4.7114501e-01
   3.1540802e+00
   4.4966677e+01
   1.2150978e+01
   6.8700090e-01
   4.8627701e+00
   1.4664945e+00
   2.3716235e+00
   2.2342795e-01
   1.1213804e+01
   6.3597864e-01
   6.7502030e+00
   2.1629668e+00
   3.3804124e+01
   3.4735353e-01
   3.9854309e+00
   1.2758914e+00
   3.5831431e-01
   9.6690439e+00
   7.1974999e+00
   3.7713104e-01
   2.1491361e+00
   2.3394644e+00
   5.2153697e+00
   1.2584152e+00
   1.3009680e+00
   2.3651603e+00
   1.7208573e+00
   3.1454629e-01
   1.7401796e+00
   6.3773730e-01
   1.6327649e+00
   5.1836484e+00
   7.7252784e-01
   2.4905470e+00
   3.7334923e-01
   3.8936804e+01
   1.1877320e+00
   5.4279105e-01
   9.1604073e-01
   4.0294613e-01
   1.8596873e+00
   4.1092948e+00
   3.1550994e-01
   1.6468357e+01
   1.5329598e+00
   1.5916657e+00
   6.9588785e-01
   1.2047323e+00
   2.3903190e+00
   4.4467652e-01
   7.9178590e-01
   5.3928449e-01
   4.3844572e+00
   4.2430691e+00
   5.7398575e-01
   7.2026807e-01
   2.6004359e+00
   1.2819394e+00
   3.2516917e+00
   5.4755960e+01
   4.5864748e-01
   5.7166917e+00
   1.3004138e+00
   3.6139810e+00
   1.5298465e+02
   3.7919166e-01
   4.0638151e+00
   1.6806923e+02
   6.1496325e-01
   1.5365876e+00
   2.6143807e-01
   2.1743962e+00
   6.3295925e-01
   8.9958749e+01
   2.2071674e-01
   7.8594487e+00
   4.8879206e+00
   4.8375081e+01
   4.2193458e+00
   2.6590656e+01
   1.9574604e+00
   1.0795946e+00
   1.4403341e+00
