   8.0956528e-01
   3.5317231e-01
   5.9035271e+00
   2.1656477e-01
   1.1489353e+01
   1.4365108e+01
   1.3055646e+00
   1.1318306e+00
   8.2066775e-01
   2.0074134e+00
   4.1678489e-01
   4.5164732e+00
   9.4295349e-01
   2.2734626e+00
   9.9593485e+00
   4.4568828e+00
   8.8916066e+00
   4.8181032e+00
   3.9852779e-01
   8.8121645e-01
   2.2487001e+00
   3.3518658e-01
   1.7883214e+00
   3.2713153e+00
   2.5668909e-01
   5.7667334e-01
   2.6226412e-01
   4.6027131e-01
   2.5696839e-01
   1.7563013e+00
   1.5786035e+00
   8.2421006e-01
   6.0901288e-01
   1.6714634e+00
   7.0813148e-01
   1.1093360e+00
   1.5779607e+02
   7.9494564e-01
   1.1348662e+01
   9.5237885e-01
   5.0827059e+00
   1.7215517e+00
   8.3227438e+01
   1.4778070e+00
   2.8467866e-01
   2.8827734e+00
   2.0379802e+00
   5.1905411e+00
   1.0225543e+00
   4.3295625e+00
   4.5971562e+00
   1.5345615e+00
   1.4834383e+00
   4.9819340e-01
   1.3432245e+01
   1.1183516e+00
   2.4973470e+00
   2.9566322e+00
   4.6147604e+00
   1.4644228e+01
   2.9489685e+00
   4.1062254e+00
   1.0672209e+00
   9.1425430e+00
   8.6197912e-01
   1.2084391e+00
   5.9586792e+01
   1.9663035e+00
   2.9812027e+00
   5.5692475e+00
   2.9077381e-01
   4.3907333e-01
   2.6004684e-01
   1.0147571e+00
   1.0476165e+00
   8.6113993e-01
   1.7061795e+00
   3.8371719e-01
   2.3850384e+00
   3.4314309e-01
   4.9044352e+00
   1.7304108e+00
   8.6511972e+01
   2.5081317e+00
   1.2791013e+00
   1.4353695e+00
   2.1987149e-01
   3.1606535e-01
   7.8333123e-01
   5.7682441e-01
   2.4650416e+00
   7.9798900e+00
   3.4959833e-01
   1.5276233e+00
   4.5397008e+00
   3.6948934e+00
   2.1653459e-01
   1.7871260e+00
   3.3884061e-01
   1.4224685e+00
   1.7787043e+00
   9.3434215e-01
   2.3624164e+00
   1.1465203e+00
   1.2980266e+00
   8.9386593e+00
   4.8565700e-01
   3.6833490e+00
   1.0503770e+00
   2.1912713e-01
   8.7562002e-01
   1.4420186e+00
   8.5652353e-01
   4.1571151e+00
   3.1338412e-01
   3.5218979e+00
   3.0716583e+00
   5.6047522e-01
   4.9519312e-01
   2.0599868e+00
   6.1400292e+01
   9.8750736e-01
   3.2423830e+00
   7.3034475e-01
   1.7130238e+00
   8.6546399e-01
   4.5091145e-01
   1.4758992e+00
   5.8109607e-01
   1.2014666e+01
   5.3837015e-01
   3.7459556e+01
   7.7622655e-01
   2.6984601e+00
   1.9416876e+01
   6.8606911e-01
   2.9136768e+00
   1.6989639e+00
   2.1950322e-01
   1.2828227e+00
   3.9427286e+00
   7.0869095e-01
   3.2536742e-01
   1.1544479e+00
   4.3250602e+00
   2.6301992e+00
   1.6261432e+01
   4.3009432e+01
   3.0095003e+00
   1.3736946e+02
   7.8122947e-01
   4.7260488e+00
   3.7885471e-01
   1.2376407e+00
   1.7081924e+00
   5.5571653e-01
   1.7513553e+00
   5.6473463e-01
   2.2783428e-01
   1.9996770e+00
   3.5873476e-01
   3.1481654e+00
   3.4794397e+00
   1.7761948e+00
   1.1526493e+00
   2.7482135e+00
   1.1470181e+00
   1.4594728e+00
   1.4648848e+00
   6.2812836e+00
   1.1647862e+00
   1.3419897e+00
   2.1904565e-01
   3.5629997e-01
   5.6064011e-01
   5.7614277e-01
   2.2399527e-01
   8.0971417e-01
   6.5969716e+00
   2.4286790e+00
   1.0070336e+01
   7.6261268e-01
   2.2123830e-01
   2.9246730e-01
   3.4432139e-01
   1.1417696e+00
   4.8206948e-01
   6.7368472e-01
   5.5607534e-01
   1.0929498e+00
   4.8639601e+01
   1.1021807e+00
   1.2580196e+00
   3.5625394e-01
