   1.2223798e+00
   1.7084508e+00
   1.9062004e+00
   1.3095665e+00
   7.8327824e+00
   6.4821642e-01
   1.4708802e+00
   3.6032122e-01
   3.3889528e+00
   4.4233936e-01
   2.4381520e+00
   4.7400786e-01
   9.4843524e-01
   1.1117141e+00
   2.5915408e+00
   2.7099650e-01
   2.0623555e+00
   1.4492384e+00
   1.5994277e+00
   9.6917661e-01
   9.9657936e+00
   5.0278319e+00
   8.9857121e-01
   4.2685764e-01
   2.2468626e+00
   1.0567378e+00
   4.2941668e-01
   4.9324263e-01
   2.7981338e+00
   1.9383533e-01
   3.4705929e+00
   1.9392648e+00
   8.3167556e-01
   9.4982078e-01
   5.6779956e-01
   1.2558095e+01
   3.0625308e+00
   2.1248716e+01
   5.9361387e+00
   2.8795106e-01
   7.9837850e+00
   4.8183939e-01
   4.6050159e-01
   3.0276331e+00
   2.2816046e+00
   1.3218045e+00
   1.0189968e+00
   6.8175711e-01
   9.5739611e-01
   3.0255522e+00
   6.3537010e-01
   4.4591305e-01
   2.6111746e-01
   1.5848630e+00
   3.7796681e+00
   4.4428083e+00
   8.7434483e-01
   1.8463845e+00
   1.3042334e+00
   5.9743973e+00
   2.8151583e+00
   2.0585423e+00
   5.0992030e+00
   2.1005402e-01
   1.4949248e+00
   2.6691774e-01
   1.6484382e+00
   1.9598212e+00
   2.1928911e+00
   1.9531774e+00
   2.6348680e+00
   6.2716995e+00
   2.8640528e+00
   2.1060340e+01
   8.9126546e-01
   8.0973897e-01
   4.5245177e+00
   5.5196761e-01
   8.0163230e-01
   2.4790980e+00
   1.3443085e+01
   1.0446134e+00
   6.8433944e-01
   7.5834932e-01
   7.2464635e-01
   9.5995154e-01
   2.2678878e-01
   1.6695133e+00
   4.2594659e-01
   2.2920700e+00
   4.9749373e+00
   9.9511651e-01
   3.1394707e+00
   4.5457516e-01
   3.8565500e-01
   1.1271119e+00
   1.0063899e+00
   5.4311309e+00
   6.6730243e-01
   5.8498674e-01
   1.8192032e+00
   7.3138698e-01
   3.3601037e-01
   6.8273946e-01
   1.5744995e+01
   1.3447839e+00
   2.3792720e+00
