   6.1910449e-01
   6.1404954e+00
   4.3080941e+00
   1.6800166e+00
   3.6753239e+00
   1.1811484e+01
   6.6142330e-01
   4.2322496e+00
   8.3114601e-01
   2.6117032e-01
   6.1853778e-01
   1.4960927e+00
   3.0038910e+00
   4.6653147e-01
   7.2906489e+00
   3.3349756e+00
   1.5316601e+00
   4.7173438e+00
   9.8986793e-01
   2.4972490e+01
   9.7575177e-01
   3.7014796e+00
   1.2064275e+00
   5.4524178e+00
   1.0382214e+00
   1.4469143e+00
   4.8345636e-01
   3.5711242e+00
   9.3473859e+00
   5.2380736e+00
   9.5971036e-01
   2.8416823e+00
   2.2702155e+00
   5.6549434e+00
   2.5842335e-01
   1.6503271e+00
   6.1328335e+00
   2.1774183e-01
   7.6872743e-01
   5.0921291e-01
   6.4609857e+01
   4.9336858e-01
   7.2892738e-01
   3.9789685e+00
   4.1591224e-01
   8.9263908e-01
   3.4494560e+00
   5.9967305e+01
   1.9654663e+01
   1.3455898e+00
   8.7579941e-01
   8.2245220e-01
   3.3740368e-01
   1.1521156e+00
   1.8859011e+01
   4.3015231e+00
   1.5506547e+00
   9.2386243e-01
   1.3459451e+01
   8.7672146e-01
   2.0964752e+00
   9.1336950e+00
   5.0082954e+00
   3.2158007e-01
   3.4503526e+00
   2.2352313e+00
   1.3919803e+00
   3.0440679e-01
   4.3670597e-01
   4.4605656e+01
   1.0000016e+00
   3.8027369e-01
   6.8885002e-01
   4.2561636e+00
   2.2094541e+00
   8.0018787e-01
   2.6254670e-01
   3.5965377e+01
   6.2593903e+00
   6.0251306e+00
   1.2268801e+00
   8.7857138e+00
   1.0802951e+00
   2.4092817e+00
   2.5956451e+00
   3.2142346e+00
   2.0612021e+00
   7.0486772e-01
   3.5089634e-01
   2.9781301e+00
   5.9965534e+00
   8.1734541e-01
   1.3963722e+00
   3.0662888e+00
   8.3031953e+00
   2.0612058e+00
   1.2335833e+00
   1.2205006e+00
   2.0429809e+00
   2.1901394e+00
   4.3655134e-01
   1.6035399e+01
   5.0403597e-01
   1.9885754e+00
   4.2562582e+00
   1.1087108e+00
   3.9381320e-01
   3.2309661e-01
   1.0359031e+00
   3.3429309e+00
   1.1064783e+00
