   3.4012813e+00
   3.4998844e+00
   1.8551779e+00
   9.9811574e-01
   3.6004320e-01
   1.3446255e+00
   1.5365642e+00
   1.7981830e+00
   3.7140939e-01
   2.0072532e+00
   2.3234596e+00
   5.4209279e-01
   9.9936771e-01
   1.7150565e-01
   6.9770072e-01
   1.0469353e+00
   9.2503129e-01
   1.0164908e+01
   3.6039139e+00
   1.1375485e+00
   1.9064932e+00
   1.0917565e+00
   6.0306988e-01
   2.1886312e+00
   5.4375240e-01
   9.2305402e-01
   6.2838323e+00
   1.6298370e+00
   1.7851794e+00
   2.0322666e+00
   9.1515960e+01
   2.2598047e-01
   3.5345392e-01
   2.4311302e+00
   6.2865430e-01
   8.4420951e-01
   2.9097074e+00
   8.6810045e-01
   6.9580608e-01
   2.9212945e-01
   8.3906923e+00
   1.0321154e+01
   4.0045565e-01
   1.3400320e+00
   2.4151493e-01
   7.3063378e-01
   9.7939454e-01
   5.5665512e+00
   1.1336856e+00
   3.6329372e+00
   2.7671375e+00
   5.6305466e+00
   1.3547404e+00
   6.1256495e-01
   7.8264019e-01
   6.6798751e-01
   3.7581833e-01
   3.8380958e+00
   3.8124564e-01
   9.6619845e-01
   2.7347351e+00
   2.2982428e-01
   7.6042222e-01
   1.7456009e+00
   1.7519215e+00
   1.1433737e+00
   1.1409693e+00
