   5.1609181e-01
   4.8263142e-01
   1.2530206e+00
   7.3671923e+00
   2.4720921e+00
   2.3841497e+00
   6.4567729e-01
   1.3541745e+00
   1.4475176e+00
   1.4485007e+00
   7.3248591e-01
   3.9977703e+01
   3.8349216e+00
   3.1881425e+01
   9.0728247e-01
   2.6338409e+01
   3.4040654e-01
   6.7005560e-01
   6.8442877e-01
   3.3482493e+00
   4.3906863e-01
   1.0991863e+00
   1.0083607e+00
   2.2266711e+00
   2.7978403e+00
   2.5257662e-01
   2.4016944e+00
   8.5865584e-01
   1.0807414e+00
   5.7198132e-01
   3.1257922e-01
   1.2365237e+00
   1.3582409e+00
   4.0354139e-01
   3.2435240e-01
   6.6623662e-01
   3.1706325e+01
   5.4438188e-01
   1.1439041e+00
   1.2430395e+00
   5.2188588e-01
   2.5199577e-01
   3.2069077e+00
   2.6809254e+00
   8.2795351e-01
   1.6552164e+00
   7.7307350e+00
   2.8900198e-01
   2.1164814e+00
   2.3419215e+00
   9.7232414e-01
   4.2593639e-01
   5.5306374e-01
   2.1436913e-01
   8.9232329e+00
   1.6464420e+00
   1.0106755e+00
   8.1564039e-01
   1.6595850e+00
   1.0378415e+00
   1.0240507e+00
   2.9756301e+00
   1.8035200e+00
   5.7845193e+00
   5.4929549e+00
   2.6118714e-01
   3.2829912e+00
   3.6232102e-01
   1.5312830e+00
   9.6735198e+01
   1.6042743e+00
   2.8877966e+00
   3.8407274e+00
   6.2392957e+00
   1.1296984e+00
   2.1635310e-01
   4.3426410e+00
   1.8446789e+01
   4.0801700e-01
   3.4135370e-01
   8.0139552e-01
   7.0843468e-01
   5.4368210e-01
   4.8208816e-01
   5.1444889e-01
   1.8420166e+00
   4.1136681e-01
   5.2807155e-01
   1.0726298e+00
   2.3085235e+00
   1.0799046e+00
   1.7324144e+02
   5.4407316e-01
   4.2331079e+00
   4.8752618e-01
   1.8401453e+00
   7.5929589e-01
   2.9587270e+00
   1.9785364e+00
   2.6464410e+00
   5.7430023e-01
   1.2812609e+01
   1.4243080e+00
   1.6646628e+00
   4.0425281e+00
   3.2736975e-01
   4.1574127e-01
   7.5758079e-01
   4.8330255e-01
   4.6528622e-01
   1.4043070e+00
   4.8709231e-01
   5.0509264e-01
   1.9852946e+00
   2.1054462e+00
   4.6248749e-01
   1.0367063e+00
   2.8104313e+00
   8.7682321e-01
   7.0691197e-01
   8.6659202e-01
   3.1247407e-01
   9.1482500e-01
   2.9470129e+00
   3.7144074e-01
   1.2835170e+00
   1.7142968e+00
   1.0314576e+00
   1.0367238e+00
   6.0238167e-01
   5.5200786e-01
   1.5994927e+00
   4.2298877e-01
   4.7071409e+00
   8.3437423e+01
   1.1790331e+00
   1.8365739e+00
   1.3980547e+00
   5.6513108e-01
   4.9849946e+00
   1.6192340e+00
   8.5739119e+00
   4.8358961e-01
   4.9833775e-01
   4.6771821e+00
   2.6514707e+00
   8.8510596e-01
   1.4120426e+01
   1.5310278e+00
   7.7083575e-01
   6.5048542e-01
   5.6635266e+00
   4.2184253e-01
   6.4778982e-01
   1.1148017e+00
   7.0782247e-01
   4.1414528e+00
   2.0624668e+00
   4.0451306e-01
   5.8711570e-01
   4.6341532e-01
   2.9384581e-01
   7.4892961e-01
   9.5075880e+00
   7.1336248e-01
   2.3145566e+01
   5.9934599e+00
   1.3241495e+01
   9.7270542e-01
   4.3114584e-01
   6.5695457e+00
   5.1611950e+00
   2.5931854e-01
   2.2165882e-01
   1.2895010e+00
   5.3663680e+00
   9.1711361e-01
   6.8274885e+00
   1.1258950e+00
   2.7699191e+00
   3.8831742e-01
   1.0898192e+01
   3.7111605e+00
   1.7921132e+00
   3.6864550e-01
   1.9205483e+00
   1.0779531e+00
   1.5458173e+00
   4.7835463e-01
   2.9442184e-01
