   9.2696935e-01
   2.0943358e+00
   1.4794043e+00
   1.5882809e+00
   1.2761482e+00
   1.7914257e+00
   4.1172804e+00
   3.1877202e+00
   1.2587541e+00
   9.2042707e-01
   2.5963385e+00
   6.9643334e+01
   3.9576888e+00
   7.3349920e-01
   1.4814480e+00
   2.1909959e-01
   1.7517436e+01
   4.0125630e-01
   8.9193065e-01
   4.0784555e-01
   3.6745122e+00
   4.5008860e+00
   8.3995581e-01
   6.5694114e+00
   9.5562127e-01
   1.2031324e+00
   2.5758999e+01
   1.7781630e+00
   1.0266465e+00
   3.5153115e+00
   1.4040566e+00
   2.0462276e+00
   3.4064928e+00
   5.4975120e-01
   3.2357321e+00
   2.9872695e+00
   2.1987049e-01
   3.5522929e-01
   4.6526959e-01
   6.4832717e-01
   1.1420693e+00
   5.8816785e+00
   4.7255563e-01
   1.4577446e+00
   5.3548045e-01
   2.3661174e+00
   1.4749852e+01
   2.0737610e+00
   6.9676488e-01
   3.3893148e-01
   5.2542517e-01
   3.9827067e+00
   1.6111769e+01
   1.1476283e+01
   1.3852666e+00
   4.8485117e-01
   1.4028172e+00
   3.3171295e+00
   4.1813088e+00
   8.3425881e-01
   1.6364701e+01
   9.8970971e-01
   4.8226424e-01
   1.3545818e+00
   9.5011662e-01
   4.9494648e-01
   4.5928885e+00
   2.2323495e+00
   2.2452856e-01
   6.6042419e-01
   8.7892638e+01
   6.9621517e-01
   2.2369518e+00
   4.9649763e-01
   2.0996768e+00
   8.9127962e-01
   6.0707970e-01
   1.1419698e+00
   2.5179301e+00
   1.2585929e+00
   7.3596912e-01
   6.4660701e-01
   3.1414515e-01
   2.9751170e+00
   2.4086550e+00
   8.4007578e-01
   2.6100730e-01
   1.2534753e+00
   6.7701853e-01
   3.1505561e+00
   5.0184938e+00
   1.3087460e+00
   8.3150387e+00
   1.1314234e+00
   3.6723468e-01
   5.2598732e-01
   3.0064927e+00
   5.9270578e+00
   1.6490998e+00
   8.2368694e-01
   5.9216461e-01
   4.2180788e-01
   7.5236481e+00
   1.3436353e+00
   2.8382960e+00
   3.7853432e+00
   3.4356870e-01
   4.5571292e+00
   1.0222460e+00
   5.5256971e-01
   2.9319469e+00
   1.2876373e+00
   6.3120035e-01
   1.4327781e+00
   3.6322807e+00
   3.1844598e+00
   7.4919853e+00
   4.2729617e+00
   4.3365627e+00
   1.2318918e+00
   1.3585163e+00
   1.8270894e+00
   2.1460547e+01
   2.5097420e+00
   1.2051031e+00
   4.3314818e-01
   7.1010510e-01
   9.5725020e-01
   2.8256227e-01
   1.7211773e+00
   4.8319736e+00
   8.0937052e+00
   2.9900177e+00
   4.4893888e-01
   3.6089656e-01
   4.2778856e+00
   4.0253551e+01
   1.8369010e+00
   1.2899294e+00
   7.6593422e+01
   1.4530311e+00
   7.6836496e-01
   1.2614481e+00
   3.3782405e+00
   8.4368828e-01
   1.6073936e+00
   2.6656511e-01
   2.2138880e-01
   2.8279599e+00
   3.7140540e-01
   6.8758106e-01
   6.7516100e-01
   1.9438746e+00
   8.7003070e-01
   6.0396216e-01
   8.4030912e+00
   1.1290422e+00
   3.4171088e+00
   1.0082581e+00
   1.8610931e+01
   1.8292536e+00
   2.2636963e+00
   2.0133980e+00
   4.0707993e+00
   6.2000409e+00
   6.6147670e-01
   6.7677566e+00
   7.7310922e-01
   8.5663056e-01
   1.3278754e+01
   3.4026329e+00
   2.4685918e+00
   2.5285320e+00
   5.4448240e-01
   6.6588190e-01
   1.8625902e+00
   1.5345828e+00
   7.5344153e-01
   1.6369453e+01
   5.7837045e-01
   1.1990796e+00
   1.4309699e+01
   9.5968491e+00
   2.3482576e+00
   6.7458676e-01
   1.1494041e+01
   7.6757856e+00
   4.1044976e+00
   2.7748346e+00
   1.5181816e+00
   2.8904537e+00
   9.6774040e-01
   7.7644150e-01
   7.7035366e-01
   1.6249260e+00
   7.1142207e+00
   2.9444618e-01
   2.6638289e+00
   8.9830149e-01
   1.3497917e+00
   1.7404955e+00
