   1.0005701e+00
   3.4336458e-01
   5.8927716e-01
   1.5506945e+00
   1.2188578e+01
   4.0093773e+00
   5.7453449e-01
   1.7024960e+01
   6.3138856e-01
   8.0597591e-01
   6.0826601e-01
   1.6560435e+00
   6.0221015e-01
   3.5388223e-01
   3.4943082e-01
   2.0992987e+00
   1.0386009e+00
   6.8627996e-01
   3.8415911e-01
   1.5574240e+02
   1.6179704e+00
   7.7738712e-01
   1.0001046e+00
   1.2690168e+00
   2.1922596e+00
   3.1534740e+00
   5.5686184e+00
   2.2603347e+00
   2.6305317e+00
   9.0364228e-01
   5.3650229e-01
   1.0395950e+00
   7.7929852e+00
   1.4863251e+00
   4.9827699e+00
   1.8632766e+00
   4.7320109e-01
   1.0430790e+02
   6.2103684e-01
   8.7642216e-01
   8.3886033e+00
   1.3078960e+00
   6.8834867e-01
   5.5560907e-01
   5.6898181e-01
   2.0756032e+00
   3.8194724e+00
   1.8685905e+00
   2.6978635e+00
   1.8666256e+00
   5.9162864e-01
   6.2125770e+00
   3.1878520e-01
   3.9869683e+00
   7.5221602e-01
   2.4962629e+00
   1.3941207e+00
   8.0161201e-01
   1.1897324e+00
   5.9434638e-01
   9.3367032e-01
   2.8631369e+01
   3.6050378e-01
   5.8639688e-01
   9.8514115e-01
   6.1592785e-01
   1.7025773e+00
   2.8367901e+00
   7.4886096e-01
   5.3502045e-01
   3.3898216e-01
   1.3793789e+00
   5.7441086e+00
   8.3143784e+00
   1.9859204e+01
   7.0961322e-01
   5.1932080e-01
   4.8830822e-01
   1.4373303e+00
   5.9079452e+00
   1.2712676e+00
   1.7790672e+00
   3.2645342e+02
   1.3793390e+00
   4.4633481e-01
   5.4646364e+00
   2.7715206e+00
   2.7985180e+00
   4.3234567e-01
   1.5164593e+00
   1.9498239e+02
   1.2313411e+00
   8.6544261e-01
   3.6026771e+00
   8.6971662e-01
   1.2517169e+00
   2.1948250e-01
   1.0843066e+00
   7.4096819e-01
   3.9022500e-01
   5.4698208e+00
   6.2339284e+00
   3.8966664e-01
   5.2187911e+02
   9.6437950e-01
   3.3361807e+00
   6.1630810e-01
   1.7960815e+00
   1.7392961e+01
   6.7096340e+00
   3.7706877e+00
   5.4268459e+00
   5.2363986e+00
   5.5361504e+00
   1.2202154e+01
   2.7488811e+00
   1.1492806e+00
   5.8960154e-01
   1.9446827e+00
   3.3496839e+00
   3.2271781e+01
   4.2238993e-01
   1.2000383e+01
   8.7264508e-01
   6.0699888e-01
   1.6721479e+00
   6.8158682e-01
   7.6910851e-01
   3.3188110e-01
   2.2574174e+00
   8.8585717e+00
   1.8257737e+00
   9.5841254e-01
   4.4910522e-01
   4.9606065e+01
   2.5248202e+00
   9.1187450e-01
   9.1650039e-01
   2.0521212e+00
   4.4136083e-01
   3.4868982e+00
   2.8711122e+00
   3.9223187e+00
   8.3228787e-01
   2.1034160e+00
   1.2207045e+00
   5.3730360e-01
   6.0201351e-01
   9.1939235e-01
   1.3591352e+00
   1.0174529e+00
   5.1693275e+00
   7.7266884e-01
   1.7854601e+00
   4.0668463e-01
   1.2240388e+01
   8.7320742e+00
   5.9532349e+01
   4.3997717e-01
   7.6306285e-01
   4.5416295e+00
   1.1868094e+00
   2.2228063e+00
   8.3990035e-01
   1.0938119e+00
   3.4781368e+00
   2.6532494e+00
   6.3101641e-01
   6.8249666e-01
   1.0714793e+00
   4.6004693e+00
   7.3149400e-01
   9.3496337e-01
   1.2300682e+00
   2.2449833e-01
   8.1260029e-01
   1.7003244e+00
   2.5492305e+00
   1.0097589e+00
