   7.1088641e+00
   4.7645866e+00
   4.6595593e+00
   2.7076988e+00
   5.0859071e-01
   1.8525957e+00
   6.2740136e+00
   6.8309814e-01
   8.1141075e-01
   2.5436277e+00
   2.7318626e+00
   1.8783810e+00
   3.3888686e+00
   1.3730168e+00
   3.4323369e+00
   5.0974315e-01
   8.4714704e-01
   8.2521455e-01
   3.5056797e+00
   2.6564445e+00
   1.1316209e+00
   2.3749901e+00
   7.1189158e-01
   6.3465242e-01
   1.9238291e+00
   5.1663560e-01
   3.8104301e-01
   2.3586252e+00
   5.2413516e-01
   1.6440300e+00
   3.5189440e+00
   2.2126831e+00
   4.5160134e-01
   7.4004522e-01
   2.4322602e+00
   1.6818122e+00
   2.3839672e+00
   4.2888345e-01
   2.9243120e+00
