   5.5669166e+00
   6.5579258e+00
   2.0201394e+00
   6.9282626e-01
   1.1884257e+00
   1.5730267e+00
   1.0057026e+00
   1.5541945e+00
   9.0407680e-01
   9.3920628e-01
   3.9801914e-01
   5.1358074e-01
   6.8577419e-01
   2.3345299e+00
   5.7946526e-01
   4.6860618e-01
   1.2052617e+00
   6.4437363e+00
   6.5852057e-01
   2.3456595e+01
   1.6211656e+00
   3.7442059e+00
   6.5210641e-01
   1.0454561e+00
   7.5128313e-01
   1.9503836e+00
   7.8088738e-01
   7.0333667e+00
   8.1774300e+00
   9.6696680e-01
   9.3866961e-01
   3.4177656e+00
   3.1600719e+00
   8.0330032e-01
   5.3047972e-01
   2.0628142e+02
   1.0037144e+00
   1.2651048e+01
   1.1410696e+00
   1.4230301e+00
   4.9246694e-01
   1.5125981e+00
   4.4051014e+00
   4.0001170e-01
   6.4048232e+00
   8.6724466e-01
   6.9470648e-01
   5.6760243e-01
   7.1781075e+01
   5.7686798e-01
   3.9154014e-01
   1.4704662e+00
   8.0747198e-01
   2.8457197e-01
   2.8286541e+00
   2.9005820e+00
   1.8844923e+01
   2.1583576e+00
   9.3399079e-01
   3.5205498e-01
   7.3272630e-01
   3.6640171e+00
   9.1036511e-01
   1.4318421e+00
   5.9315504e-01
   4.2037964e-01
   1.3731534e+00
   1.3385107e+00
   4.4499955e+01
   5.6228306e+01
   5.6322109e-01
   2.8378238e+00
   2.9756064e+00
   3.0060671e+00
   1.0250274e+00
   3.9412214e+00
   1.4474944e+01
   8.7355143e-01
   3.2254825e-01
   8.8006508e-01
   1.3407530e+01
   4.0921127e+00
   2.7347593e+00
   3.1367532e+00
   3.4888964e+00
   6.3371886e-01
   5.9426332e+01
   4.7723689e-01
   3.7472736e+00
   7.3452590e-01
   3.2058451e-01
   2.5073226e+00
   6.3591410e-01
   1.8473551e+00
   1.2165545e+00
   5.1778203e-01
   2.5517743e+00
   3.2493292e+00
   1.0516755e+00
   5.4547297e-01
   9.2599685e+00
   1.7549036e+00
   6.1081137e-01
   6.8263311e+00
   3.4607979e-01
   1.8829044e+02
   2.2684979e+01
   4.6981405e+00
   2.5343673e+00
   7.2001564e-01
   1.0436705e+00
   6.2074552e-01
   7.9806175e+00
   8.9674816e-01
   2.7804855e+00
   1.3205535e+00
   2.9457157e+00
   7.9274616e-01
   3.8572591e+00
   1.2750708e+00
   2.3002060e+00
   3.4924531e+00
   8.6470734e+00
   2.0168955e+00
   2.5319511e+01
   3.4746331e+00
   2.5472973e+01
   5.6154607e-01
   1.3836143e+01
   5.9918418e-01
   2.2179486e-01
   3.2379181e+00
   1.6447449e+00
   1.3416075e+00
   3.4138307e+00
   2.2406727e+00
   7.4313390e+00
   1.8813462e+00
   4.1983567e+01
   6.6534246e-01
   5.2242451e-01
   1.4998359e+01
   1.1744185e+00
   4.2989744e+00
   7.4352332e-01
   2.6652439e+00
   8.9700866e-01
   7.3611450e+00
   9.1586174e-01
   1.3052379e+00
   1.0662115e+01
   3.9647228e+01
   3.1740302e+00
   2.4831594e+00
   1.8991416e+02
   8.6666656e-01
   3.7846914e+01
   3.3869774e-01
   5.0632237e-01
   8.2395741e+00
   7.4869578e-01
   1.0210100e+00
   1.3960241e+01
   1.0977065e+00
   2.7041084e+00
   1.3133994e+01
   2.7456522e+00
   1.1293279e+01
   6.9422460e+00
   1.0425046e+00
   3.0583548e+00
   1.5290840e+01
   1.2892537e+00
   7.8712669e+00
   8.0327859e-01
   1.0711766e+00
   2.5502597e-01
   1.1607209e+01
   4.3656490e-01
   6.4868709e+00
   3.0153802e+00
   1.4446904e+00
   7.8702487e-01
   9.9613122e+00
   4.0132817e+00
   5.2152187e-01
   4.7506671e-01
   5.8239108e+00
   9.0423234e+00
