   1.7303222e+00
   2.2255443e+00
   1.9470454e+00
   8.5504665e-01
   3.5244055e+00
   5.7645370e-01
   1.6614743e+00
   3.1680365e+00
   3.5658335e-01
   2.6531667e+00
   9.6273410e-01
   2.5412655e+00
   1.0026823e+00
   8.9782012e-01
   3.4878925e-01
   4.4593130e+00
   3.4347376e+00
   1.6649554e+01
   2.7135751e+00
   5.6585745e-01
   5.6636803e+00
   1.0908993e+00
   6.1839932e-01
   1.7640101e+00
   1.7796950e+00
   1.0319380e+00
   1.3805836e+00
   1.3304041e+00
   1.5846703e+00
   2.2899926e+00
   4.8624343e-01
   1.0348634e+01
   5.9175922e-01
   2.6350825e+00
   1.1768402e+00
   8.3891575e-01
   3.1315619e-01
   3.3511754e-01
   1.8607563e+00
   3.1453480e+00
   6.4981359e-01
   1.3198096e+00
   2.2246462e+00
   2.6921384e+00
   3.6747946e+00
   7.7114905e-01
   4.9291556e+00
   9.0998453e-01
   3.0780528e+00
   8.2636636e-01
   8.9174818e-01
   4.9186296e+00
   6.7902323e-01
   7.2089610e-01
   4.9738089e-01
   1.1466149e+00
   2.4380564e+01
   4.6334434e-01
   3.2169477e+00
   5.8693484e-01
   2.0660088e+00
   2.9098691e-01
   8.8650779e+00
   1.2161251e+00
   1.0651624e+00
   5.8729530e+00
   1.5477484e+00
   2.1791493e-01
   1.0128550e+00
   8.5397927e-01
   1.8006773e+00
   5.2072303e+00
   8.4887462e+00
   2.6375784e+00
   6.4936053e+00
   1.0984249e+01
   3.6532398e-01
   1.9145995e+00
   4.0074382e+00
   1.2567404e+00
   6.6092384e-01
   1.9378577e+00
   1.2479630e+00
   1.2171374e+02
   5.2024034e+00
   1.9540064e+00
   1.7268031e+00
   4.4857914e+01
   4.4241237e+00
   3.4731144e-01
   2.0255022e+00
   2.0428839e+01
   2.2144254e-01
   9.2830021e-01
   1.5212247e+01
   8.7909240e+00
   6.6290849e-01
   1.9733367e+00
   3.3359082e-01
   4.7710881e+00
   7.8620765e-01
   6.6299939e-01
   7.4012552e-01
   1.6026479e+00
   2.5418378e+00
   2.2871539e+00
   3.9711910e-01
   9.3621134e-01
   1.6563389e+00
   2.9210976e-01
   2.0346500e+00
   1.9062820e+00
   7.2701431e-01
   2.2276718e+00
   2.9856106e+00
   2.9010005e-01
   6.3472000e-01
   6.8105208e-01
   4.1664189e-01
   4.2591181e+00
   7.2153576e-01
   1.4999644e+00
   5.4260970e-01
   6.0489410e-01
   6.2692510e-01
   6.5195788e-01
   2.7010440e+00
   5.4232439e-01
   3.0594277e-01
   1.4002603e+00
   8.1025184e+00
   3.9600919e-01
   6.7036449e-01
   1.0130494e+00
   4.4935856e-01
   5.9656835e-01
   5.1449494e+00
   4.2162216e-01
   1.5505730e+00
   5.3549006e-01
   9.7935117e-01
   1.3165024e+00
   2.0571748e+00
   9.2579759e+00
   1.8393723e+00
   1.7963712e+00
   5.3260209e-01
   4.6663063e-01
   1.7455979e+00
   1.2139450e+00
   9.5203688e-01
   9.7121572e-01
   1.2275402e+00
   2.9816003e+00
   3.9265249e-01
   3.6971875e-01
   2.7937384e+00
   6.5360836e-01
   9.7628154e-01
   1.5648337e+00
   4.0627364e-01
   9.8791424e+00
   2.6621587e+00
   2.4968432e+00
   6.5953398e+00
   5.9169769e-01
   1.0873494e+00
   7.3189284e+00
   4.1154212e+00
   1.0462226e+00
   2.9829605e-01
   1.1234173e+00
   1.1940589e+00
   2.5293882e+00
   8.8678504e-01
   6.4209112e+00
   4.3115996e-01
   2.0187616e+00
   2.3142174e+00
   5.3874372e-01
   6.3571033e-01
   1.9930597e+00
   1.0586745e+00
   2.2956613e+00
   5.5229129e+00
   7.1584431e-01
   6.9186417e-01
   2.6500897e+00
   2.0377574e+00
   2.3602016e+00
   4.8174827e-01
   5.4648171e-01
   1.3514517e+00
   5.3316682e+00
   9.7854526e-01
   2.4363649e+01
   9.0022159e+00
   6.4849063e+00
   5.0718554e-01
   8.6522873e-01
   2.4232517e+00
   1.1821188e+00
   3.9472625e-01
   5.4424101e+00
   6.4893985e-01
   2.8661021e-01
   2.1407827e+00
   1.4748735e+00
   5.2900305e-01
   4.8715181e-01
   1.0134154e+00
   2.5886211e+00
