   1.7482373e+00
   1.5406995e+00
   2.6911136e+00
   2.4184752e+00
   6.9776200e-01
   2.9158827e+00
   5.2957251e+00
   2.4509790e+00
   2.5985929e+00
   8.7556389e-01
   1.5453753e+00
   7.5961759e-01
   5.9886327e-01
   1.3421890e+00
   8.0349037e-01
   1.5684363e+00
   2.8646745e+00
   2.0023229e+00
   1.5973715e+00
   4.0481574e-01
   7.5221087e-01
   2.2680297e+00
   1.2220647e+00
   2.3858164e+00
   8.6182437e-01
   5.5239488e+00
   3.7740766e+00
   2.1843737e-01
   2.0146554e+00
   7.5141365e+00
   5.6830763e+00
   1.3704123e+00
   1.3936551e+00
   1.1010319e+00
   6.9115398e-01
   1.0386387e+00
   6.1430193e-01
   2.9430819e+00
   3.0168874e+00
   1.2893285e+01
   2.8822327e-01
   5.3506445e-01
   1.6277865e+00
   3.3819889e+01
   5.8967812e-01
   1.9743989e+00
   1.5038417e+00
   6.2716859e+00
   6.0841517e-01
   1.6480882e+00
   1.4504836e+00
   5.8633682e-01
   2.3395462e+00
   5.8455046e+00
   5.5384902e+00
   2.6760264e+00
   3.7330556e+00
   8.3131846e-01
   6.3883870e-01
   5.2925596e-01
   1.8956414e+00
   4.9116192e+00
   1.3175950e+00
   4.7298921e-01
   1.0340622e+00
   3.2743103e+01
   7.3990770e-01
   6.4197034e-01
   5.5189320e-01
   2.2482943e+00
   7.0901911e+00
   2.9982668e+00
   1.8706654e+00
   4.3312511e-01
   1.7713062e+00
   1.9453027e+00
   2.1942497e+00
   4.3738446e-01
   4.1259206e-01
   1.9930470e+00
   5.8787048e-01
   6.5172698e-01
   4.6368389e-01
   1.9482339e+00
   3.8577297e+00
   1.8781339e+01
   7.1499854e-01
   3.1827113e+00
   1.4538215e+00
   6.0149166e+00
   3.3293643e+01
   8.5297056e-01
   2.8229647e+00
   3.6212570e-01
   3.4594191e+00
   8.5180444e+00
   3.1498415e-01
   7.7608046e-01
   1.6593886e+00
   2.9761619e+00
   4.8457877e-01
   1.7207088e+00
   1.4694382e+00
   3.4102494e-01
   3.1575420e-01
   3.7099571e+00
   5.9154800e+00
   1.5384068e+00
   9.3581462e-01
   1.1393635e+00
   4.8845593e-01
   5.3607433e+00
   1.2028309e+00
   2.7460254e+00
   3.4056606e-01
   8.3503247e-01
   2.5892753e+00
   6.0530340e+00
   3.6611981e-01
   5.6075418e+00
   2.6980274e+00
   2.9536107e+00
   8.3323406e+01
   5.8425865e-01
   9.0480289e-01
   6.5829754e-01
   1.1594154e+01
   1.7064579e+00
   2.8754887e-01
   1.5739187e+00
   2.6849858e+00
   2.8087447e+00
   9.7983007e-01
   2.6146167e-01
   4.6408572e-01
   1.2273244e+00
   8.5972116e+00
   3.0347536e+00
   1.1159971e+00
   4.8117783e+00
   3.1650536e+00
   6.4858731e-01
   2.5518794e+00
   5.3524944e-01
   2.0285914e+01
   2.1866527e+00
   4.5938596e-01
   2.8914984e+00
   1.5806854e+00
   1.1904369e+00
   2.2168213e+00
   2.5897976e-01
   8.4637486e-01
   8.4225483e-01
   4.0286918e-01
   3.2143287e-01
   2.2118952e+00
   8.6432034e-01
   4.7836562e+01
   4.4604363e-01
   1.2664118e+01
   7.6082986e-01
   3.4076804e+00
   7.7326042e-01
   1.6974840e+00
   1.8458391e+00
   7.2971672e+01
   3.9704893e-01
   5.0113902e-01
   1.4734546e+00
   3.7669450e+00
   5.9096272e-01
   9.3210678e-01
   4.7656438e-01
   6.2889394e-01
   1.0386948e+01
   9.5285312e+00
   2.1032150e+00
   3.0746747e+00
   7.6487749e-01
   5.4234272e-01
   1.6734272e+00
   1.4056319e+00
   4.5123239e-01
   3.5817448e+01
   9.7607547e-01
   2.6769969e+00
   8.6477051e-01
   2.1071353e+00
   1.3977196e+00
   9.8475139e-01
   3.9972784e-01
   1.0491249e+01
   5.1080674e-01
   6.0345357e+00
   2.1398444e+00
   2.5151285e+00
   2.1319916e+00
   2.8416826e+00
   1.2583171e+00
   2.9891021e-01
   1.6823297e+00
   1.5698167e+00
   1.0636104e+00
   2.1613329e-01
   1.2788479e+00
   5.7624926e-01
   5.8069396e-01
   1.2119884e+00
   1.1988174e+01
   5.3780965e-01
   2.5056649e+00
   8.7405941e-01
   8.4620799e+00
   6.7337666e-01
   1.0198667e+00
   5.1366774e-01
   1.7793538e+00
   2.8427214e-01
   3.8721373e+00
   6.1700146e-01
