   3.1671560e+00
   8.6996079e-01
   1.9814972e-01
   1.1781953e+00
   2.5029131e+00
   3.3181336e+00
   2.7537042e+00
   2.2398494e+00
   1.3377813e+00
   8.8317643e-01
   5.4265706e-01
   1.9461606e+00
   1.0079613e+00
   2.2872133e+01
   1.0891998e+00
   3.5654989e-01
   2.7958592e+00
   2.7732324e+00
   1.7551929e+00
   1.6437309e+00
   2.5200319e-01
   7.2207180e-01
   7.8799468e-01
   1.0273256e+01
   1.6366905e+00
   5.7528911e+00
   2.6277020e+00
   2.9211637e+00
   1.9695321e+00
   9.9713054e-01
   2.6054194e-01
   5.6171117e-01
   3.7429106e+00
   3.9093357e+00
   6.9924255e+00
   5.0668336e+00
   5.7368639e-01
   3.5723489e-01
   1.0406052e+00
   2.5510194e+00
